{"0": [[[0.013146872684080645, 0.03764476280799351, 0.0031015972945586745, 0.04934699927307406, 0.6350424194708809, 0.015187876536793739, 0.05339030437404324, 0.0417275025698707, 0.0035225702346170216, 0.14788909475408737], [0.0008771341214240501, 0.006898569031999248, 0.011456931917634144, 0.02867751624522312, 0.0030508806328337487, 0.014401149724001484, 0.0018884029465781839, 0.8987894988921777, 0.023199184937878432, 0.01076073155024987], [0.5179589032234286, 0.0012324231249732608, 0.0023601440423039436, 0.13349667505302978, 0.2515850279653102, 3.567185500472184e-05, 0.00031345716153573667, 0.0014563253411144026, 0.08755310932549235, 0.004008262907807061], [0.18351168482136415, 1.0365276648073082e-05, 0.016254389008647285, 0.4106124889910819, 0.001430209527857524, 0.3665833531502415, 0.0009776630334897083, 0.010643219073191467, 0.006859147392384696, 0.0031174797250935653], [0.00036676589103933137, 0.001907907368297067, 0.012520094106994437, 0.0008384958089148476, 0.9212090789486458, 0.02019821066382917, 0.006189060578537971, 0.0008316009394008654, 0.003536732493281854, 0.03240205320105867], [0.0015670840602067125, 0.0001127015728396392, 0.020424379812704528, 0.009228739361561074, 0.02071982710310251, 0.45976834384919085, 0.0020578391383816617, 0.46314587869715035, 0.007204495708541187, 0.015770710696321678], [0.0778539657053764, 0.014915897620368672, 0.1418889708332022, 0.05591940287410379, 0.05811050781440003, 0.25018426500904606, 0.03085617357644754, 0.04871523873518447, 0.2822091997003677, 0.03934637813150301], [0.007316500843865281, 0.005536687250690628, 0.09507974384251452, 0.07343941142793053, 0.036476305375227135, 0.38081372949259995, 0.02013451354773985, 0.32083505606186613, 0.029217615084475616, 0.031150437073090387], [0.017506969420759924, 0.0023476989756951324, 0.0031511344542905976, 0.12463382941191241, 0.3953985087257862, 0.028404170643565648, 0.009960760787761825, 0.07599198445396664, 0.2924303848516271, 0.05017455827463447], [0.0026080422150547775, 0.0032980924518310915, 0.43778474131057393, 0.17706417615501227, 0.11936819054087512, 0.05097227380112784, 0.0005957108177363087, 0.15296854988459616, 0.04398033933954033, 0.011359883483652144], [0.004399007323130158, 0.003161327078951033, 0.010213335291082638, 0.5351034214837375, 0.008144267672371473, 0.3579699035011499, 0.003124393328882722, 0.07299836180349129, 0.0035405895466353718, 0.0013453929705679168], [0.04648998344112726, 0.0009003672010653159, 0.03981765554959277, 0.04255488645359892, 4.19402401887412e-05, 0.8222403277468692, 0.0063746454534935795, 0.03135137133378096, 0.0003290001428250268, 0.009899822437458065], [0.9021209430656703, 3.1453206393371745e-05, 0.004638109853829904, 0.008130522751744909, 4.188380157662119e-05, 0.07465429928219161, 0.0007118445735359111, 0.00858560486041907, 0.00045204616025920624, 0.0006332924443793014], [0.46673673238551017, 0.15670405409227353, 0.024115377052876936, 0.0073156965341052305, 0.025205279002418653, 0.08636200940391317, 0.03275158567133529, 0.011218951747919455, 0.18264918537328045, 0.006941128736367199], [0.003192731158281693, 0.002412934283976994, 0.024764742210404603, 0.08409478269306508, 0.00011784821640004185, 0.30022570057902326, 0.18850655627568602, 0.21113657649202064, 0.0207207238114611, 0.16482740427968048], [0.002329746159699269, 0.00032852249145296793, 0.2619379961414009, 0.027273363412396313, 0.1904393972963338, 0.005444032556548927, 0.012883372321121037, 0.13811304250497075, 0.0015996810909472043, 0.3596508460251288], [0.0006143214995688144, 0.0600500863594445, 0.04099600502120069, 0.10211856910112163, 0.011054329141907782, 0.5323366588139572, 0.004853844991379843, 0.18574205392909582, 0.0012887156406664543, 0.060945415501657225], [6.679703694285557e-05, 0.009711255354848855, 0.00012372463170273902, 0.11615690203144347, 0.00023990375086846674, 0.037621190673578074, 0.6341381777303591, 0.022980522321812774, 0.0012307289498360015, 0.17773079751860754], [7.569286427393381e-07, 0.00030370923502861944, 0.0002811157368651124, 9.751665102533541e-05, 0.0011605551507508176, 0.9967351340611529, 9.650658528236805e-05, 0.0008405954138086513, 0.00014099239097648846, 0.0003431178464671816], [8.391919106173968e-05, 0.00238964961902871, 0.10628876508684518, 0.0003973728957160741, 0.019430987674459898, 0.7649924240696057, 0.0018014950309688796, 0.005997293322107691, 0.00304293245953564, 0.09557516065067041], [0.11051190945987523, 0.009278928485425712, 0.03773823630604524, 0.33790785106463495, 0.004670832344386275, 0.12760287667975942, 0.0059423451408917635, 0.005399345411629384, 0.2610779579164688, 0.09986971719088326], [0.018714083268943936, 0.00016964717520672848, 0.0004732747420729904, 0.030686006597793768, 0.03156177796929385, 0.8054889796159952, 0.015193555077196759, 0.05838463923166351, 0.00029085823293605734, 0.03903717808889725], [0.0006168084993177232, 0.0010813376030574349, 0.09440438488560805, 0.0004299288106102215, 0.0034057751504129336, 0.6563545764129555, 0.0016560889122964905, 0.028120403871233955, 0.1930519818046803, 0.020878714049827406], [0.0003525620572714297, 0.001873510250282343, 0.001616190914381367, 0.002153526458801447, 0.003840759964452814, 0.8843896451107927, 0.009125270899357602, 0.02213228167826462, 0.0035543698491503077, 0.07096188281724561], [0.03559582879213886, 0.03400117913460424, 0.3029834955107787, 0.1220305002612185, 0.009257576970689704, 0.049855064084225666, 0.011366110719455978, 0.010737426474746488, 0.003785615700195877, 0.420387202351946], [0.0015581810107893077, 0.00010258307952010295, 0.07716036870939381, 0.002276962906979514, 0.4050591702364291, 0.01808545612491437, 0.03442006389928039, 0.2966802373964316, 0.022677955083242354, 0.14197902155301956], [0.09826731854691013, 0.0020160527239816693, 0.01956029263833818, 0.10772276443065043, 0.09609198556528506, 0.12479576736604572, 0.3673528862763718, 0.0955009593271038, 0.08085434141432059, 0.00783763171099244], [0.0007804718652295447, 0.00013211531969265823, 0.004520516244642878, 0.18504341266006724, 0.003696977197603298, 0.0005847538930473115, 0.02146987364552904, 0.0005346275325760835, 0.7802502308053333, 0.002987020836278758], [0.07673664749653576, 4.4911082263962234e-05, 0.0647353125485932, 0.05692535321983382, 0.0399899286867379, 0.6635423089837695, 0.00633624294990189, 0.05351079188957953, 8.247510866659825e-05, 0.038096028034117733], [0.025310621435012507, 0.0038042907285336476, 0.017912305666694515, 0.15959829822049743, 0.0010849850261161875, 0.6004970280295211, 0.010876023734833637, 0.17432372501345617, 0.004474047888301732, 0.002118674257032973], [0.0026516120438979437, 2.2115446708090095e-05, 0.016576315409477155, 0.029731630159157814, 0.000572194634908305, 0.9037626113342511, 0.017167679786709966, 0.010313264553584948, 0.0015605621625842247, 0.01764201446872028], [0.07299408671633138, 0.009755324409816966, 0.4881172989992632, 0.00254428466943451, 0.0615177152574494, 0.11580292740289833, 0.02348313842878213, 0.003233392474685355, 0.019595560970703564, 0.20295627067063504], [0.006914822286748277, 0.008851402850796344, 0.03533904919033905, 0.006963954468855805, 0.3382099807963592, 0.2310132875237479, 0.10538877624281445, 0.001396441826843614, 0.07237910140008721, 0.19354318341340804], [0.00045641800369015614, 0.004658740974579937, 0.008754637267100965, 0.09762470786686918, 0.001519122939963437, 0.5961537882984651, 0.0635133688171745, 0.13789267792247845, 0.004605164325170202, 0.084821373584508], [0.12004688409541994, 0.00565857367034945, 0.008461617822745598, 0.2556305415159307, 0.017833421426345076, 0.5192498002506509, 0.0063674296323370325, 0.0578783696992668, 0.003724903633582264, 0.00514845825337226], [0.004622954042740979, 0.007687006922740583, 0.020339350679927516, 0.5416005165005751, 0.048784448651314496, 0.031612763071070485, 0.0004195131914320708, 0.01478891578153026, 0.0016017534177335505, 0.32854277774093504], [0.004133444208556269, 0.02055010649353387, 0.04741680769625291, 0.09749154590186208, 0.1246545625775542, 0.008867782960975651, 0.4508871264821835, 0.012877297466793556, 0.0039000606430771778, 0.22922126556921066], [0.14159473718918766, 0.0009633582825533134, 0.03606084125029721, 0.005089604809425244, 0.004565769859976178, 0.16260061643353751, 0.0016312288389556593, 0.6372476917256061, 0.008755761329683295, 0.0014903902807777993], [0.14206379662896287, 0.009421058163303393, 0.07328137552243438, 0.022361365335152768, 0.019916379834369058, 0.3264134359243762, 0.038122326843044695, 0.03731916358897891, 0.07518673337318363, 0.25591436478619406], [7.546367243199819e-05, 0.004549146887652042, 0.015373737475172455, 0.05951961887561094, 0.011266580475152808, 0.8755084883883849, 0.000406992010782917, 0.0029818324613661218, 0.016888955076731122, 0.013429184676714495], [0.007243125978677687, 1.1287025306366513e-05, 0.0034163940300350314, 0.007731548878361786, 0.12333382935598523, 0.8178816139856837, 0.008213007778593406, 0.0231145450242099, 0.006350447785215201, 0.002704200157931828], [0.6932196682878198, 0.0008613811594608147, 0.02643901407604472, 0.0011007559276467963, 0.0015007347576026155, 0.22814006202761208, 0.00021572279288351007, 0.012166109362417365, 0.03438232285806748, 0.001974228750444773], [0.003872352262348757, 0.034332172218563876, 0.11460663939487589, 0.033251261905479584, 0.003531735065273967, 0.7872719648537168, 0.00273521007191202, 0.0055948716186866206, 0.008609666479709219, 0.006194126129433461], [0.022631349807511907, 0.0002552505648662234, 0.0014365077104475411, 0.778314367062124, 0.009967973094862631, 0.00018674980224223642, 0.12730118860715475, 0.01624398603210404, 0.0066408014249520475, 0.03702182589373466], [0.16027602707475808, 0.005322195826512132, 0.04779948478597483, 0.015209988926844942, 0.12777202046754138, 0.40220421874051177, 0.11444689046786688, 0.06953980081722619, 0.0070580447940014794, 0.050371328098762116], [0.23102632175974588, 0.00010581797552830224, 0.03406868852591434, 0.149696423231916, 0.011456091573415627, 0.5338531601589088, 0.006763169129460456, 0.0037664167254251707, 0.024782414550282135, 0.004481496369403285], [0.014873009153710606, 0.06110817117821321, 0.02490283593067171, 0.008373947951233205, 0.0028648425415833847, 0.4862091974379006, 0.16768083161234668, 0.02898009509322372, 0.0571006506688464, 0.14790641843227048], [0.0006140972393900779, 0.00011535039827521692, 0.23272350725625934, 0.06777798595902776, 0.00124730515101226, 0.530865773671152, 0.01673738644147457, 0.11297646230149912, 0.0006927893652794738, 0.03624934221663021], [0.05130245601774217, 0.0007214106985188056, 0.001019888748181607, 0.28299282472711107, 0.012476482881490773, 0.15153301032627567, 0.15623113517840123, 0.3425757342645831, 2.4410229396668197e-05, 0.0011226469282989355], [0.0048459479412763335, 0.0056494629619059005, 0.05286952354662203, 0.03509674073273433, 0.16048767121801244, 0.006801074735972626, 0.013975459777958499, 0.00593913035658074, 0.63776138738761, 0.07657360134132707], [0.1417517923183583, 0.0014930561932341713, 0.1647212583610417, 0.029155504874182826, 0.02865366597533929, 0.2627135560742558, 0.007467376936159291, 0.2946106291974683, 0.027914983711633513, 0.04151817635832687], [0.00011097255755479146, 2.6965151434086316e-05, 0.007278288966571831, 0.0008193896994352854, 0.0003691549854014469, 0.37683873003154106, 0.00028213939548384716, 0.6134165386145987, 0.0008082213000511603, 4.959929792785455e-05], [0.0047983043857415565, 0.001617674573532561, 0.013416585135133914, 0.19943399436086026, 0.002775307255229224, 0.6920857573196151, 0.02634700442267515, 0.05473268054823215, 0.0005045140314801832, 0.004288177967500001], [0.017325108163168155, 0.0002842591615629932, 0.001994284077398751, 0.06740856283314135, 6.753431154228299e-05, 0.8759988027488745, 0.00586791001686247, 0.024034747035189184, 0.00026073869928980645, 0.0067580529529706656], [0.011023869449610693, 0.008130802697330103, 0.030452332524950564, 0.037566409193810206, 0.008042038537184453, 0.21734864580683227, 0.1761285493906343, 0.11124960581931323, 0.01050813218124847, 0.3895496143990858], [0.041001497651526816, 9.316470276881072e-06, 0.020862233053302228, 0.003645551476278325, 0.005437232422444614, 0.5648457652100475, 0.0008884834100957672, 0.0010913542780688734, 3.9948125080016404e-05, 0.3621786179028789], [0.006822655117665521, 0.0005824657714451227, 0.15579369494187276, 0.11936947895531207, 0.3492347638862796, 0.28847173178211566, 0.0056729080688440675, 0.06315806989093421, 0.0037915838119243696, 0.007102647773606464], [0.008878213843111833, 0.01841463802587239, 0.6147511071087656, 0.19258156411421692, 0.00039090110946621016, 0.13211778938284205, 0.0003628629943227062, 0.008809488961327763, 0.009261461155369887, 0.014431973304704847], [0.327888210048099, 0.027993130040990584, 0.018933236197253574, 0.007878272496727585, 0.33002898664622393, 0.008129901364754204, 0.019159849574048406, 0.013061518817426905, 0.0016358663081959765, 0.24529102850627987], [0.02546606587538024, 0.00020879660637831044, 0.10132974249338406, 0.025158731680737616, 0.044822827811135, 0.7836369784761061, 0.0050211181999804625, 0.0032197226082801827, 0.005964391265122709, 0.0051716249834955095], [0.04338174380090748, 0.0023436149231899303, 0.014365646195392408, 0.01314113735888517, 0.0023664048658778992, 0.8347626925061263, 0.00027141120917097605, 0.035416273254152614, 0.0036189373031192814, 0.05033213858317788], [0.0020923620344768835, 0.0003257434921385975, 0.003015824754549559, 0.7163208913784463, 0.06458109413780241, 0.09390781309903393, 0.03659715286450959, 0.040601495780850455, 0.04124938514981188, 0.0013082373083803135], [0.0006911958351270852, 0.022903843183136378, 0.21508414945929893, 0.017437052515341375, 0.13677916430993808, 0.19847674158083356, 0.007578503402312923, 0.3016332076028069, 0.0038834530835302203, 0.09553268902767464], [0.006242923157069112, 0.012924827183818524, 0.045882495996976705, 0.03854642850091398, 0.16112093499682056, 0.5406633091529544, 0.09930472809504132, 0.026589000221585318, 0.041269225511411295, 0.027456127183408847], [0.11151821538226424, 0.004759422600038805, 0.04411964494572539, 0.06291319497161446, 0.02877362792493219, 0.4751802906238107, 0.0364381047812827, 0.02745310553078478, 0.03259531686405185, 0.1762490763754949], [0.0012306968166805987, 0.001685622274788205, 0.013876186091470066, 0.010489206195792128, 0.0005032952692561465, 0.8192538523720366, 0.03631619459727788, 0.0973505124694372, 0.0004878031153760096, 0.01880663079788523], [0.011528434132388105, 0.001978579836912336, 0.08288311048201961, 0.01674481687228965, 0.05085982196313332, 0.15701766751388901, 0.00618493459339088, 0.5820160529393796, 0.07285402932817406, 0.01793255233842336], [0.04287392012267215, 0.03202253767932777, 0.024742353290049177, 0.1566088023793951, 0.039077391852827124, 0.1618057720827692, 0.0018114933700524392, 0.12346239293796109, 0.009831905664860785, 0.40776343062008513], [0.5626450276362185, 0.004070878241161985, 0.039252691171523725, 0.026282081788692162, 0.0020042462516193962, 0.18573096131487155, 0.0006791911144641413, 0.17116653948628643, 0.006616204235564056, 0.001552178759598084], [0.0006059702675889619, 0.002156363338601948, 0.027420604850213293, 0.13083098861261544, 0.0021863702664953813, 0.6594535220653981, 0.04788873307625083, 0.12277021785657083, 0.0016945331914011957, 0.00499269647486421], [0.023321809338112284, 0.0011417279496404227, 0.002732227350814854, 0.3562540641370981, 0.13509872668871029, 0.14621775891995026, 0.1761868946476807, 0.01193217604007344, 0.015345436789424072, 0.13176917813849554], [0.028181804789585874, 0.00016945149494273308, 0.0048989436116799, 0.009582861639311432, 0.0027494045471278864, 0.019453971964423566, 0.09085654222447567, 0.7835995407350137, 0.023902354754512373, 0.03660512423892708], [0.0017232619689413517, 0.018901247505503285, 0.01010053632453089, 0.04924484249464059, 0.00683985259510091, 0.41029979699937746, 0.04041189265260655, 0.12104797829666729, 0.03671795604738786, 0.30471263511524377], [0.3568044930539757, 3.898569652372176e-05, 0.02921894577291492, 0.009912074091193506, 0.11610963567563884, 0.4079554908134481, 0.0032152773452466667, 0.0465637288825271, 0.0036195605592322586, 0.026561808109299014]]], "1": [[[0.06163173667592735, 0.011544674389261217, 0.07332743458077838, 0.018771799341820796, 0.016886709874062128, 0.001422115873912589, 0.38077541562708495, 0.26181824999901504, 0.05302466290974969, 0.12079720072838782], [0.0010147325196919505, 0.00019367925458159055, 0.01948468533887411, 0.010739178498665623, 0.31208630387494607, 0.5019135755904989, 0.04055142761950093, 0.10304393973488149, 0.0002575104475084868, 0.010714967120850906], [0.005276511300226199, 0.02046896276331896, 0.14180308887797113, 0.02292190346728876, 0.7163340572107697, 0.00920472989915408, 0.0022878218392778146, 0.0039330062233368995, 0.0607450237845118, 0.017024894634144846], [0.0071473708307152215, 0.04809403242969444, 0.06539218532129931, 0.460265822383223, 0.011499733765895012, 0.21218302528072167, 0.002159863789002872, 0.07128443611472296, 0.0015118506816323254, 0.12046167940309331], [0.03486820457616572, 0.05443730117879102, 0.08472655223127405, 0.06252618927580857, 0.026209772195398846, 0.38700441288724247, 0.009221964350357633, 0.04016496012878889, 0.23501957387859224, 0.06582106929758039], [3.326432374302724e-05, 0.0018714094022229122, 0.8012874845745518, 0.013331819574719213, 0.0010483347515397483, 0.03417674118365414, 0.001092494605175821, 0.12752727007006012, 0.005396458252625651, 0.014234723261707325], [0.00722492875844402, 0.0028821903430652444, 0.007847302439285967, 0.01137313831151292, 0.0013266366422368969, 0.1401151270843463, 0.32579239051666325, 0.0029051301370541798, 0.36247770760257636, 0.13805544816481488], [0.013132235043406824, 0.08033043374184116, 0.44472708197795174, 0.007206679162524041, 0.0005225285420328057, 0.02568387974100505, 0.02817704113906024, 0.011284261907864288, 0.16994359395248618, 0.2189922647918275], [1.8182542664093017e-05, 0.15913434935169113, 0.3284492765869138, 0.019006320263630916, 0.2638605172497828, 0.20051640352739447, 0.0007464945316762624, 0.01892838499479288, 0.003496812550335475, 0.005843258401117996], [0.007160595898871735, 0.00025445662313279094, 0.0023688212085138625, 0.02558627587835015, 0.01690853503413986, 0.2397733590686585, 7.407629392705797e-05, 0.6777868369161116, 0.02191213081088834, 0.008174912267406041], [0.0029214415826165885, 0.01600962344043949, 0.1301827947585286, 0.038236125296917854, 0.002908625136683086, 0.7694559433876084, 8.846685493267186e-05, 0.03228485563427275, 0.007020947994682849, 0.0008911759133177861], [0.0007783808894751005, 0.00027013710950431674, 0.7920489975905585, 0.0003765535355977861, 0.011967346075085698, 0.04397335048072261, 0.0010389684007276808, 0.1435404814235432, 0.0008056819819443119, 0.0052001025128409935], [0.0011822550505512074, 0.002715249360090259, 0.05335019487765025, 0.03128428469555646, 0.5694433928770278, 0.04928592901642689, 0.013856019645983889, 0.24140625009110442, 0.003032855455262369, 0.034443568930346585], [0.007401497954329203, 0.008982831098273861, 0.3796470578661222, 0.049173870179017046, 0.005841521428171597, 0.4813728231748274, 0.010433360344012018, 0.02086604758100268, 0.00015434416815290092, 0.036126646206091205], [0.024241132610228325, 0.003290140331163644, 0.023158142628680135, 0.002187688729200118, 0.1608644793864672, 0.13082338971603166, 0.0076273056303589465, 0.6173500506523927, 0.0009809150281893195, 0.029476755287287968], [0.011598784609685516, 0.006603622885283419, 0.08065060978633179, 0.06325488607370691, 0.1039057129674395, 0.43571282076796514, 0.0030731147010704964, 0.10534437122805573, 0.1853702966893893, 0.00448578029107219], [0.09521681437032052, 0.005474222837122051, 0.06245462893824832, 0.058658355588357684, 0.24714017102937194, 0.18885616957409904, 0.0554418467141957, 0.16377912218158475, 0.010607940376880806, 0.11237072838981904], [0.06443335139881468, 0.00029851349850455055, 0.18617669213303983, 0.04683805861019426, 0.11450664324785408, 0.2473208271813863, 0.00036520053642095766, 0.31668942380901255, 0.007671793333828835, 0.015699496250943766], [0.0018957370269846278, 0.00019677326128300375, 0.16922154795595362, 0.020993396583876157, 0.05575346793355712, 0.5051511014223685, 0.0010525587648285738, 0.2315107033881067, 0.010838397125609606, 0.003386316537431985], [0.11006084253098002, 0.00017511921104285317, 0.5102032105199649, 0.016666544193042605, 0.19958064467181622, 0.1317727128471343, 0.0002703255997857407, 0.008140507494816223, 0.021532006523897244, 0.0015980864075198493], [0.05430490136978341, 0.03454413252868406, 0.07916965066548495, 0.00852153252939769, 0.7339462488624979, 0.0012011712225670865, 0.007513487205950279, 0.036076933073371974, 0.012300285053610865, 0.032421657488651764], [0.0068357156395465, 0.00022417854618729402, 0.015017647786186725, 0.1157476370688006, 3.133286144419675e-05, 0.8495244592692629, 0.004039312056867519, 0.0024121771688578914, 0.0060775353705953584, 9.000423225091442e-05], [6.370046367421177e-05, 0.0020010914064907694, 0.19971957725288972, 0.006872567117094348, 0.0029772730927349438, 0.06092409333071739, 0.03468606237101399, 0.02098587206187321, 0.03562521156877241, 0.636144551334739], [0.02857687474154314, 0.0021135587700283733, 0.019340077585422485, 0.010735295310492589, 0.0122828291097708, 0.6280846471795103, 0.002019828427310927, 0.29065128207867447, 0.0009890720695790358, 0.005206534727667908], [0.05236879623611522, 0.01607688147052633, 0.007569097356752282, 0.1143812406898483, 0.006734214605082951, 0.005970919550178849, 0.07112048754600386, 0.01503420015720425, 0.010338176581139127, 0.7004059858071489], [0.05503948541356056, 0.0381605449975581, 0.018476543410578708, 0.007878379199860173, 0.006975581291353612, 0.5106208366427378, 0.19615511242548128, 0.08165235980105438, 0.00548615208863189, 0.07955500472918353], [0.005040153710924765, 0.008519890248327475, 0.04667348017838041, 0.00010998203195125644, 0.7903426976280759, 0.055296627586353925, 0.006061648129510119, 0.07924291395183322, 0.0003482144456552508, 0.008364392088987722], [0.040346448888504916, 0.022619551615536266, 0.24777211027636822, 0.0030560127374907086, 0.01154986961151777, 0.45064764934440055, 0.11589164524681511, 0.0038895246739906663, 0.046186440861357876, 0.058040746744017956], [0.04404147065913438, 0.059404400056348144, 0.047421401140451055, 0.14781467668213105, 0.007506958126838296, 0.19129568664728924, 0.02518182043390062, 0.1357036753852402, 0.026654434405479443, 0.31497547646318746], [0.01307018254002993, 0.0003897669788898697, 0.009278910335665363, 0.14576663755395536, 0.08251867454042477, 0.41449236882250845, 0.024264842901819968, 0.1658979809177808, 0.1190203239110555, 0.025300311497869984], [0.01072175551890771, 0.7908160160795521, 0.023631268583762573, 0.029974976745529607, 0.016958930240909807, 0.017013556986843804, 0.034790055185681526, 0.06313462923574817, 0.000561808978160846, 0.012397002444903875], [0.00040866043489496686, 0.002455466572736017, 0.007879995076431999, 0.0589120409081775, 0.0024663907080291333, 0.2193659339645934, 0.03020184041423505, 0.5956640614286983, 0.002272629302927364, 0.08037298118927641], [0.004127975645401245, 0.00019135768425631715, 0.014629884101052025, 0.030419980848530027, 0.0010153876496300724, 0.311428667582671, 0.0022460720702227187, 0.5755369208209805, 0.0032745566257167858, 0.057129196971539294], [0.02060918200326906, 0.004160532924778002, 0.033494910883356314, 0.04183286630805983, 0.0002516683641585166, 0.6129208819671208, 0.010589521754097667, 0.13559250204046264, 0.05129713234459241, 0.08925080141010479], [0.12329133162443778, 0.00591038626912998, 0.052536112735071056, 0.03884591916058649, 0.017997053124294667, 0.09206712568267335, 0.09102013019631366, 0.09275298147118306, 0.06375060118899198, 0.42182835854731804], [0.004582011292838606, 0.0017535508631671302, 0.2729632562955024, 0.12130445594550307, 0.004530760551087469, 0.15060245524745508, 0.008111236414162497, 0.05860904964476931, 0.2230796264176256, 0.15446359732788892], [0.0042785943233907015, 0.009511158987155639, 0.01706897893312898, 0.026292022533173608, 0.16567417791825495, 0.0036579188297259247, 0.03972873098021167, 0.004705392701327007, 0.019153877236666863, 0.7099291475569647], [0.15529300400331536, 0.00557766423329771, 0.0397464453827809, 0.5675617164712141, 0.0008979973163044348, 0.007297354890995487, 0.03120454345665747, 0.16515352133661398, 0.0036547948372224973, 0.023612958071597915], [0.0017041402166776635, 0.19466472142581648, 0.12713296882360547, 0.3239778707526004, 0.01245291876252152, 0.07321081524476314, 0.004107269057644421, 0.003035500812060174, 0.08289669298182878, 0.17681710192248187], [0.06879359863764588, 0.04669225177833686, 0.21727640723028607, 0.4731099228796447, 0.018040607315097077, 0.0626897610307345, 7.406838512665856e-05, 0.04092872403601029, 0.07106221693026045, 0.0013324417768574006], [0.06947610809767926, 0.002450606491098291, 0.006822680335100505, 0.08410002952669109, 0.00011004408686749687, 0.6941085722261662, 0.03953115837332295, 0.02652458715495412, 0.0027355741432659804, 0.07414063956485425], [0.0012934952629976425, 0.0016929421033724458, 0.012379737569707436, 0.00220690212723241, 0.00010277924390105852, 0.9315395179212835, 0.0026320717335824783, 0.022725470721554522, 8.17445251766009e-05, 0.025345338791191947], [0.011018504563673448, 0.005223543139256484, 0.06706677736958852, 0.29136494008567193, 0.05755485264766978, 0.24461304249269178, 0.022597263275951095, 0.1926882003642093, 0.0009843660272728075, 0.10688851003401469], [0.01569493851644538, 0.00012481746642102961, 0.011575972954093156, 0.0005281213730372415, 0.39695966735691646, 0.015582981084449225, 0.0011965450237834362, 0.5197849898559721, 0.0006451400301836809, 0.03790682633869822], [0.012281239577156013, 0.31195516294017966, 0.02069360305305246, 0.061698671195954465, 0.016533821323225725, 0.39585403306023315, 0.14291523913925708, 0.011073793565457894, 8.116965013349246e-05, 0.026913266495350124], [0.0029973856092856965, 0.17355892584247745, 0.0367644861200648, 0.016581374779254775, 0.03275023332111845, 0.0028785519719148637, 0.6604678419646972, 0.004126339537114689, 0.0018303106900300929, 0.06804455016404207], [0.00042431507910916814, 0.004733015977476379, 0.058967988800235675, 0.7339672354903365, 0.004064573621229027, 0.02807507433993529, 0.005084845159498513, 0.09578909306501893, 0.002616510816674725, 0.06627734765048571], [0.002733061236457649, 0.004262877714994017, 0.4407183578716112, 0.024327029921427684, 0.011188440191606369, 0.0039387802530587435, 4.561471955711744e-05, 0.4945991128311417, 0.005148012956927905, 0.013038712303217544], [0.00624336017563326, 0.0001935260179369795, 0.05077912446861573, 0.00046898417665314023, 0.0016038615944038424, 0.6631616762587906, 0.18109983412652006, 0.021642145042553584, 0.006185338924314557, 0.06862214921457803], [0.040935216675145714, 1.1512226364258691e-05, 0.008226712923574292, 0.179964236945334, 0.013120037040269168, 0.09902542327943416, 0.001964588888470645, 0.6515991999748688, 0.002284756737646891, 0.0028683153088921278], [0.034585217995249044, 5.878172213002152e-05, 0.07091542818652498, 0.663153715260724, 2.1465014910524403e-05, 0.07561423466077744, 8.898554852857733e-05, 0.12768723259235618, 0.026415113783344386, 0.0014598252354548137], [0.23304214633613868, 0.00022784454590237782, 0.008773496322102782, 0.24703321591438782, 0.04407888450316146, 0.12895665738166714, 0.17653156678358206, 0.10615555659296817, 0.0020446798998348895, 0.05315595172025472], [0.00048045416870884085, 5.311466382513236e-05, 0.07114289453655985, 0.0395475263933055, 0.00010399494144135542, 0.060218067162929, 9.562323427153487e-05, 0.8165034918403572, 0.008743494709259291, 0.003111338349342249], [0.01659169378025197, 0.03502595557909215, 0.03410216936131423, 0.036123969873830264, 0.015925353518315016, 0.16461732900134224, 0.07007822817367222, 0.16145115683876615, 0.018694072864334346, 0.44739007100908146], [0.0019875135577337175, 0.0033879961788866836, 0.04154208501761851, 0.07062646127140647, 0.6360761311147466, 0.012146058864095447, 0.1556401615911765, 0.023445734515603268, 0.0001853726042115019, 0.05496248528452136], [0.006164798462758963, 0.009508625933395312, 0.28630068229510897, 0.05771490170733979, 0.002736796626044758, 0.1404918821950027, 0.02097187198437063, 0.43720929950516874, 0.011759669391520856, 0.02714147189928939], [0.08586180479921522, 0.0009821863652994447, 0.03910484540016238, 0.004905540308270796, 0.5670958507263115, 0.030767321043582367, 0.0014674300712989837, 0.007169520038646398, 0.0011515575356782959, 0.2614939437115345], [0.17621786596247566, 0.012352794904468377, 0.12832402925056202, 0.01031457713090067, 0.0998188560022817, 0.42941870924133535, 0.010357163839585666, 0.09540284206490568, 0.007569216255375276, 0.030223945348109408], [0.023593055346083823, 0.0010032082731609127, 0.19855143773592995, 0.040695820958203455, 0.33259503527303186, 0.06521032046638513, 0.0068535502448851685, 0.014058176854918787, 0.061882146963345534, 0.25555724788405554], [7.575776797278716e-05, 0.027862396110927654, 0.022247598997333633, 0.07803146225989044, 0.0023206594558275247, 0.002653780787400174, 0.002578097394178371, 0.0010130412350766236, 0.6420664499968739, 0.2211507559945189], [0.08564815293037918, 0.005729781699818702, 0.03686871515744707, 0.08103507255833058, 0.5219979853164535, 0.02345294061223394, 0.036217232138022096, 0.1247299757514878, 0.0644019823545692, 0.019918161481257975], [7.537554329058582e-05, 0.0015817374813213779, 0.056838061116773066, 0.00038177869036655607, 0.001685226685463263, 0.2016311258450321, 0.00026362155062104953, 0.7297715547612142, 0.00014870569553145283, 0.00762281263038621], [0.026373204526685744, 0.03774593651461476, 0.10431851797683175, 0.2538720779907064, 0.025364144098758618, 0.10789704494392718, 0.005262901975996839, 0.04751546717871628, 0.21442964638740905, 0.17722105840635347], [0.012262427532344482, 0.01882812417363759, 0.03743569881597965, 0.023192337056297637, 0.1019637532008589, 0.6717799797062071, 0.08013441039845383, 0.0012903319013125214, 0.013707608683297082, 0.03940532853161128], [0.0027472563673711123, 0.05919003852689487, 0.06902203956902321, 0.010003007942196754, 0.5233999686516682, 0.22351708852070645, 0.0018458798117638748, 0.0007546617523101911, 0.010787486611234853, 0.0987325722468307], [0.00038290644990499994, 0.0157235422664022, 0.024729976261202206, 0.018031936880294995, 0.3981162594644283, 0.41779622926407095, 0.017403809959330156, 0.008523985316029489, 0.0030449760937300493, 0.09624637804460685], [0.000986466835480422, 0.021151978486480615, 0.0499818516070385, 0.032177686173831176, 0.009711154920241962, 0.6677611975669779, 0.004244046498456338, 0.0021942699222865054, 0.20649723361017144, 0.005294114379035256], [0.017739939738048917, 0.002415532270283641, 0.13881307463118236, 0.014443949808638045, 0.045571849683104335, 0.08823117473155614, 0.004363931930111414, 0.3273009800933612, 0.011128114438801486, 0.34999145267491244], [0.0014721387008782628, 0.005546184442194539, 0.028942714671681455, 0.024789059454119907, 0.6226530893090206, 0.28504095461206497, 0.005341000855676818, 0.003471507821548745, 0.014232862950544807, 0.008510487182269873], [0.020121206256256886, 0.28053631349645924, 0.012991412690277176, 0.01660208729680551, 0.37231925419818124, 0.011768454429500759, 0.0089409683880042, 0.0036149303607018552, 0.02037675617359777, 0.2527286167102154], [0.010116597189902057, 0.0012105503475136592, 0.3566999066275036, 0.012945371365133539, 0.014786153864441124, 0.11836871859482058, 0.1121939498035613, 0.16114244363054403, 0.16038390196938884, 0.05215240660719105], [0.005502785255291502, 0.011745127940132263, 0.17475587271573254, 0.285141448434354, 0.013633089166570354, 0.1932393442119686, 0.035222995756155256, 0.12907601484643008, 0.02722403747164525, 0.12445928420172006], [0.03214143455646553, 0.005313194933517771, 0.04264369535314169, 0.002965340566681777, 0.12009405595596603, 0.08494376346082685, 0.030857983854662648, 0.5876837009376333, 0.02252920822802844, 0.07082762215307584], [0.004177582768958165, 0.002915067519979321, 0.9174118532833783, 0.0038032944960880804, 0.017138554243758184, 0.014771296303600601, 0.004457844692350617, 0.0023895346717706634, 0.026721447279449695, 0.00621352474066645]]], "2": [[[0.2724476010934206, 0.008532201756899104, 0.21863271587396507, 0.011769954474186353, 0.015247417750504998, 0.032474653931085444, 0.03966990114372164, 0.01922909963062773, 0.05509823231140666, 0.32689822203418245], [0.000329916593404042, 0.006837364185530756, 0.8027823677623968, 0.015201910667949337, 0.001041458673072556, 0.10123584961878826, 0.0031510658425679223, 0.010979022985215997, 0.04823529111486665, 0.010205752556207748], [0.058862519014060345, 0.10525164871320689, 0.08923286672829896, 0.05440446394589932, 0.2577107062153363, 0.3425811810324995, 0.0050502551654944775, 0.024927371135990424, 0.017181395107390383, 0.04479759294182343], [0.007797370508700664, 0.00773645893367586, 0.3617252989913387, 0.006639710591133427, 0.500508813222496, 0.006931274979762723, 0.018821214065921386, 0.0169160203273468, 0.029690397243266154, 0.043233441136358235], [0.0029241038467522533, 0.03133326513137168, 0.0008114936278016846, 0.01663302967510481, 0.008302860859345167, 0.0007433113217626398, 0.8140331511682364, 0.0027285912588337, 0.0018868503304045445, 0.12060334278038722], [0.3135573575314027, 0.05621571668091886, 0.1409190159862264, 0.12546871188125203, 0.02748850826303532, 0.006233282597387241, 0.1607981244521452, 0.005873001214052901, 0.15612216683060953, 0.007324114562969921], [0.01383453622136351, 0.02665861301350324, 0.07873910041094917, 0.4248640351076683, 0.24103574475861458, 0.06978132131209772, 0.054320861748267585, 0.019750844295177646, 0.013182452477672035, 0.057832490654686215], [0.005187418687043896, 0.03474602269845451, 0.2664943891294611, 0.1662033049486605, 0.004808972827833622, 0.22057224460180486, 0.006380778754135844, 0.2759990547612522, 0.008522695622685676, 0.011085117968667811], [0.0004292909965926927, 0.0730318929298667, 0.24198940455818332, 0.0995490838673711, 0.07012746161689612, 0.07929247919159986, 0.16849120156019026, 0.07830550832533882, 0.018253296987245204, 0.1705303799667158], [0.01722129922325977, 0.5075201326954046, 0.07433059119879179, 0.04505013240633889, 0.012415819513438174, 0.021545265008739566, 0.027604592547282022, 0.04855836694740334, 0.020091380541171436, 0.22566241991817046], [0.0022332984198020923, 0.05169319357555533, 0.06635032554111919, 0.07049599045350986, 0.06797168628582735, 0.5016270742017255, 0.00274256542796246, 0.2000356566213668, 0.030035094495532596, 0.006815114977598797], [0.004004531952704744, 0.051549716973440955, 0.05093289707133945, 0.06046000961948573, 0.09447022015716437, 0.019981787217731074, 0.37392484079520777, 0.014632726805698982, 0.024488923447663766, 0.30555434595956305], [0.0005043671403825814, 0.4236854498227613, 0.4499024382642021, 0.0005722783061298527, 0.09830644543394979, 0.00019155874030272078, 0.009940833358527012, 0.00023691216610670544, 0.0004641910968418681, 0.016195525670795935], [0.026053977330819104, 0.08825561876359664, 0.007024437912066186, 0.2940684989972847, 0.01450275449419036, 0.019020352502945127, 0.3540681698509026, 0.020616694987354214, 0.014750284149092047, 0.1616392110117489], [0.0004733228696009637, 0.022645116591584684, 0.35558409581316514, 0.01747309017482035, 0.028930365309676537, 0.26431005890257875, 0.014498146604797764, 0.14118113125335954, 0.06854643628167621, 0.08635823619874024], [0.00011532537060380502, 0.0014524905057961618, 0.002399891165139677, 0.0009390399427880706, 0.0043191283554928255, 0.006643224409610334, 0.007697945747569137, 0.013328001608952828, 0.001994060470175288, 0.9611108924238719], [0.000768963498831893, 0.24221859567503037, 0.015280265224334382, 0.12234179607990081, 0.01271329403293907, 0.49687126998522313, 0.04969688209947789, 0.0056770163002698645, 0.00031885655954770695, 0.05411306054444483], [0.0026059831674713437, 0.0007246476322487595, 0.16671441347140165, 0.08632372579005541, 0.26123724178186214, 0.023660435232422398, 0.005970399060981833, 0.3959828552743801, 0.04211655836046964, 0.014663740228706795], [0.1253874189575347, 0.012915631808777549, 0.02181828806235832, 0.009946406080930049, 0.06868956487730074, 0.06118846634529577, 0.10405335128339839, 0.1315107601230865, 0.04667897212680317, 0.4178111403345149], [0.007411377593924555, 0.0688926340039015, 0.4807972499355694, 0.004158505553121592, 0.08290342926773075, 0.07860807541962268, 0.0026621883262632, 0.011244027328684755, 0.1528294785756401, 0.1104930339955414], [0.004994334219940714, 0.005829978505991565, 0.019405658186562036, 0.0854217555848889, 0.0002935003538848485, 0.3104613918855069, 0.02823719741046203, 0.07998532631257942, 0.04015638297660061, 0.425214474563583], [0.0795533894831094, 0.004078268208907022, 0.001578460624944356, 0.045404461308158506, 0.14699734275113044, 0.6677505730014999, 0.012737374435073142, 0.007143341188471483, 0.0018654047004813216, 0.0328913842982245], [0.01600738109028799, 0.008462970319735296, 0.1646163211836576, 0.09017267575411336, 0.023203404411651862, 0.09777203029175949, 0.012124776339745564, 0.04989099575364866, 0.014514029828608702, 0.5232354150267915], [0.00011022217815518676, 0.05720029736939863, 0.4585015371032357, 0.14947223243012253, 0.028281372987234137, 0.026628874917409104, 0.003291749059851393, 0.06271970704382102, 0.011306182183246617, 0.2024878247275257], [6.029682090604156e-05, 0.0035738017313741858, 0.02635292979161639, 0.014693413364407399, 0.003215649796262593, 0.9266455575592099, 0.00020649432867363092, 0.01714289190176342, 0.00033289161972864447, 0.0077760730860577856], [0.0009011600534844548, 0.01789042155668381, 0.06633688152671646, 0.0838016451770885, 0.037047835791075984, 0.12105618258671598, 0.002246928417513253, 0.649809742407048, 0.00040606949186978476, 0.020503132991803577], [0.03269610236398355, 0.061007117333943976, 0.020090135633395408, 0.01901042501730761, 0.05103732169811088, 0.4221039370997995, 0.17655069251000335, 0.076624443959624, 0.00847444103947428, 0.13240538334435736], [0.005453192700671884, 0.07191612440367111, 0.1773884154426859, 0.010797150738437513, 0.28657827244235656, 0.20929808803732308, 0.054549409745424396, 0.022894954323898365, 0.11894846655332474, 0.04217592561220645], [0.5397646253671475, 0.0003173536070114075, 0.03230804108538479, 0.020057702824152167, 0.28376923193136766, 0.0027923366844473316, 0.011572420301430917, 0.005068003879118563, 3.2069953622941864e-05, 0.10431821436631665], [0.0027040736946826256, 0.21577289531789443, 0.2809819539176902, 0.024329318560149783, 0.0075303500215039045, 0.3526913331389356, 0.08006971900534768, 0.015076052524865107, 0.007802272547762517, 0.013042031271168205], [2.6802801251754173e-05, 0.00029894114998126, 0.005140799336463893, 0.0015844416505715398, 0.0016063571987663316, 0.034145522780340394, 0.0076306487580130875, 0.1557718056742149, 0.00044028774756590125, 0.793354392902831], [0.0027555940065315744, 0.019489355117106335, 0.1165094187937549, 0.19926987641400473, 0.0003464628047443761, 0.11426726760400722, 0.004081338710506075, 0.05799029653472951, 0.034967876716090904, 0.4503225132985243], [0.018361304477692294, 0.09067361204536925, 0.023778827513926733, 0.5264961723021189, 0.007956507571515555, 0.058377365020417175, 0.020972910297403263, 0.17248910446962587, 0.0013427500022369346, 0.07955144629969409], [0.0017603336186417505, 0.016335979499227674, 0.17218186179790326, 0.10723245351526627, 0.017781978869332526, 0.005620322527365242, 0.008657810701387816, 0.6656505798132939, 0.0017366410182161967, 0.0030420386393654837], [0.009413129201991968, 0.004520336134903751, 0.01593420426304976, 0.016845625329779287, 0.003926699266477337, 0.006696945891375378, 0.617097671856793, 0.004001143762824682, 0.2215104601470433, 0.1000537841457615], [0.00014204680948925135, 0.016363871161117875, 0.8196725448394769, 0.07900126532245041, 0.06920090553283681, 0.0020540713